# Instruction Set Architecture


## NOOP

### Description
Does nothing. Waits for one cycle and resumes execution!

### Addressing Modes
None!

### Table
BINARY REPR                                                              HEXDUMP            OPCODE                   CYCLES      FLAGS
4 Bit    6 Bit          6 Bit         6 Bit      10 Bit
[PI][SZ] [ OFFSET    ][ SOURCE    ] [ DEST     ] [ OPCODE            ]
0 0 0 0  0 0 0 0  0 0 0 0  0 0 0 0  0 0 0 0  0 0 0 0  0 0 0 0  0 0 0 0   0x00000000         NOOP                     1           None
## MOVE.DW

LEGEND:
IMM = Immediate Value * a value that follows directly after the opcode
PI = Postfix, Prefix Increment

### Description
Moves the value that is contained in the __source__ into the __destination__.

### Addressing Modes
TODO!

### Table
BINARY REPR                                                              HEXDUMP            OPCODE                   CYCLES      FLAGS
4 Bit    6 Bit          6 Bit         6 Bit      10 Bit
[PI][SZ] [ OFFSET    ][ SOURCE    ] [ DEST     ] [ OPCODE            ]
0 0 0 0  0 0 0 0  0 0 0 0  0 0 0 0  0 0 0 0  0 0 0 0  0 0 0 0  0 0 0 0   0x00000000         NOOP                     1           
0 0 1 0  0 0 0 0  0 0 0 0  0 0 0 0  0 0 0 0  0 0 0 0  0 0 0 0  0 0 0 1   0x20000001         MOVE.DW     D0, D0       1           ?
0 0 1 0  0 0 0 0  0 0 0 0  0 0 0 1  0 0 0 0  0 0 0 0  0 0 0 0  0 0 0 1   0x20010001         MOVE.DW     D0, D1       1           ?
0 0 1 0  0 0 0 0  0 0 0 0  0 0 1 0  0 0 0 0  0 0 0 0  0 0 0 0  0 0 0 1   0x20020001         MOVE.DW     D0, D2       1           ?
0 0 1 0  0 0 0 0  0 0 0 0  0 0 1 1  0 0 0 0  0 0 0 0  0 0 0 0  0 0 0 1   0x20030001         MOVE.DW     D0, D3       1           ?
0 0 1 0  0 0 0 0  0 0 0 0  0 1 0 0  0 0 0 0  0 0 0 0  0 0 0 0  0 0 0 1   0x20040001         MOVE.DW     D0, D4       1           ?
0 0 1 0  0 0 0 0  0 0 0 0  0 1 0 1  0 0 0 0  0 0 0 0  0 0 0 0  0 0 0 1   0x20050001         MOVE.DW     D0, D5       1           ?
0 0 1 0  0 0 0 0  0 0 0 0  0 1 1 0  0 0 0 0  0 0 0 0  0 0 0 0  0 0 0 1   0x20060001         MOVE.DW     D0, D6       1           ?
0 0 1 0  0 0 0 0  0 0 0 0  0 1 1 1  0 0 0 0  0 0 0 0  0 0 0 0  0 0 0 1   0x20070001         MOVE.DW     D0, D7       1           ?
0 0 1 0  0 0 0 0  0 0 0 0  1 0 0 0  0 0 0 0  0 0 0 0  0 0 0 0  0 0 0 1   0x20080001         MOVE.DW     D0, D8       1           ?
0 0 1 0  0 0 0 0  0 0 0 0  1 0 0 1  0 0 0 0  0 0 0 0  0 0 0 0  0 0 0 1   0x20090001         MOVE.DW     D0, D9       1           ?
0 0 1 0  0 0 0 0  0 0 0 0  1 0 1 0  0 0 0 0  0 0 0 0  0 0 0 0  0 0 0 1   0x200A0001         MOVE.DW     D0, D10      1           ?
0 0 1 0  0 0 0 0  0 0 0 0  1 0 1 1  0 0 0 0  0 0 0 0  0 0 0 0  0 0 0 1   0x200B0001         MOVE.DW     D0, D11      1           ?
0 0 1 0  0 0 0 0  0 0 0 0  1 1 0 0  0 0 0 0  0 0 0 0  0 0 0 0  0 0 0 1   0x200C0001         MOVE.DW     D0, D12      1           ?
0 0 1 0  0 0 0 0  0 0 0 0  1 1 0 1  0 0 0 0  0 0 0 0  0 0 0 0  0 0 0 1   0x200D0001         MOVE.DW     D0, D13      1           ?
0 0 1 0  0 0 0 0  0 0 0 0  1 1 1 0  0 0 0 0  0 0 0 0  0 0 0 0  0 0 0 1   0x200E0001         MOVE.DW     D0, D14      1           ?
0 0 1 0  0 0 0 0  0 0 0 0  1 1 1 1  0 0 0 0  0 0 0 0  0 0 0 0  0 0 0 1   0x200F0001         MOVE.DW     D0, D15      1           ?
0 0 1 0  0 0 0 0  0 0 0 1  0 0 0 0  0 0 0 0  0 0 0 0  0 0 0 0  0 0 0 1   0x20100001         MOVE.DW     D0, A0       1           ?
0 0 1 0  0 0 0 0  0 0 0 1  0 0 0 1  0 0 0 0  0 0 0 0  0 0 0 0  0 0 0 1   0x20110001         MOVE.DW     D0, A1       1           ?
0 0 1 0  0 0 0 0  0 0 0 1  0 0 1 0  0 0 0 0  0 0 0 0  0 0 0 0  0 0 0 1   0x20120001         MOVE.DW     D0, A2       1           ?
0 0 1 0  0 0 0 0  0 0 0 1  0 0 1 1  0 0 0 0  0 0 0 0  0 0 0 0  0 0 0 1   0x20130001         MOVE.DW     D0, A3       1           ?
0 0 1 0  0 0 0 0  0 0 0 1  0 1 0 0  0 0 0 0  0 0 0 0  0 0 0 0  0 0 0 1   0x20140001         MOVE.DW     D0, A4       1           ?
0 0 1 0  0 0 0 0  0 0 0 1  0 1 0 1  0 0 0 0  0 0 0 0  0 0 0 0  0 0 0 1   0x20150001         MOVE.DW     D0, A5       1           ?
0 0 1 0  0 0 0 0  0 0 0 1  0 1 1 0  0 0 0 0  0 0 0 0  0 0 0 0  0 0 0 1   0x20160001         MOVE.DW     D0, A6       1           ?
0 0 1 0  0 0 0 0  0 0 0 1  0 1 1 1  0 0 0 0  0 0 0 0  0 0 0 0  0 0 0 1   0x20170001         MOVE.DW     D0, A7       1           ?
0 0 1 0  0 0 0 0  0 0 0 1  1 0 0 0  0 0 0 0  0 0 0 0  0 0 0 0  0 0 0 1   0x20180001         MOVE.DW     D0, A8       1           ?
0 0 1 0  0 0 0 0  0 0 0 1  1 0 0 1  0 0 0 0  0 0 0 0  0 0 0 0  0 0 0 1   0x20190001         MOVE.DW     D0, A9       1           ?
0 0 1 0  0 0 0 0  0 0 0 1  1 0 1 0  0 0 0 0  0 0 0 0  0 0 0 0  0 0 0 1   0x201A0001         MOVE.DW     D0, A10      1           ?
0 0 1 0  0 0 0 0  0 0 0 1  1 0 1 1  0 0 0 0  0 0 0 0  0 0 0 0  0 0 0 1   0x201B0001         MOVE.DW     D0, A11      1           ?
0 0 1 0  0 0 0 0  0 0 0 1  1 1 0 0  0 0 0 0  0 0 0 0  0 0 0 0  0 0 0 1   0x201C0001         MOVE.DW     D0, A12      1           ?
0 0 1 0  0 0 0 0  0 0 0 1  1 1 0 1  0 0 0 0  0 0 0 0  0 0 0 0  0 0 0 1   0x201D0001         MOVE.DW     D0, A13      1           ?
0 0 1 0  0 0 0 0  0 0 0 1  1 1 1 0  0 0 0 0  0 0 0 0  0 0 0 0  0 0 0 1   0x201E0001         MOVE.DW     D0, A14      1           ?
0 0 1 0  0 0 0 0  0 0 0 1  1 1 1 0  0 0 0 0  0 0 0 0  0 0 0 0  0 0 0 1   0x201E0001         MOVE.DW     D0, A14      1           ?
0 0 1 0  0 0 0 0  0 0 0 1  1 1 1 1  0 0 0 0  0 0 0 0  0 0 0 0  0 0 0 1   0x201F0001         MOVE.DW     D0, A15      1           ?
0 0 1 0  0 0 0 0  0 0 1 1  0 0 0 0  0 0 0 0  0 0 0 0  0 0 0 0  0 0 0 1   0x20300001         MOVE.DW     D0, (A0)     16          ?
0 0 1 0  0 0 0 0  0 0 1 1  0 0 0 1  0 0 0 0  0 0 0 0  0 0 0 0  0 0 0 1   0x20310001         MOVE.DW     D0, (A1)     16          ?
0 0 1 0  0 0 0 0  0 0 1 1  0 0 1 0  0 0 0 0  0 0 0 0  0 0 0 0  0 0 0 1   0x20320001         MOVE.DW     D0, (A2)     16          ?
0 0 1 0  0 0 0 0  0 0 1 1  0 0 1 1  0 0 0 0  0 0 0 0  0 0 0 0  0 0 0 1   0x20330001         MOVE.DW     D0, (A3)     16          ?
0 0 1 0  0 0 0 0  0 0 1 1  0 1 0 0  0 0 0 0  0 0 0 0  0 0 0 0  0 0 0 1   0x20340001         MOVE.DW     D0, (A4)     16          ?
0 0 1 0  0 0 0 0  0 0 1 1  0 1 0 1  0 0 0 0  0 0 0 0  0 0 0 0  0 0 0 1   0x20350001         MOVE.DW     D0, (A5)     16          ?
0 0 1 0  0 0 0 0  0 0 1 1  0 1 1 0  0 0 0 0  0 0 0 0  0 0 0 0  0 0 0 1   0x20360001         MOVE.DW     D0, (A6)     16          ?
0 0 1 0  0 0 0 0  0 0 1 1  0 1 1 1  0 0 0 0  0 0 0 0  0 0 0 0  0 0 0 1   0x20370001         MOVE.DW     D0, (A7)     16          ?
0 0 1 0  0 0 0 0  0 0 1 1  1 0 0 0  0 0 0 0  0 0 0 0  0 0 0 0  0 0 0 1   0x20380001         MOVE.DW     D0, (A8)     16          ?
0 0 1 0  0 0 0 0  0 0 1 1  1 0 0 1  0 0 0 0  0 0 0 0  0 0 0 0  0 0 0 1   0x20390001         MOVE.DW     D0, (A9)     16          ?
0 0 1 0  0 0 0 0  0 0 1 1  1 0 1 0  0 0 0 0  0 0 0 0  0 0 0 0  0 0 0 1   0x203A0001         MOVE.DW     D0, (A10)    16          ?
0 0 1 0  0 0 0 0  0 0 1 1  1 0 1 1  0 0 0 0  0 0 0 0  0 0 0 0  0 0 0 1   0x203B0001         MOVE.DW     D0, (A11)    16          ?
0 0 1 0  0 0 0 0  0 0 1 1  1 1 0 0  0 0 0 0  0 0 0 0  0 0 0 0  0 0 0 1   0x203C0001         MOVE.DW     D0, (A12)    16          ?
0 0 1 0  0 0 0 0  0 0 1 1  1 1 0 1  0 0 0 0  0 0 0 0  0 0 0 0  0 0 0 1   0x203D0001         MOVE.DW     D0, (A13)    16          ?
0 0 1 0  0 0 0 0  0 0 1 1  1 1 1 0  0 0 0 0  0 0 0 0  0 0 0 0  0 0 0 1   0x203E0001         MOVE.DW     D0, (A14)    16          ?
0 0 1 0  0 0 0 0  0 0 1 1  1 1 1 1  0 0 0 0  0 0 0 0  0 0 0 0  0 0 0 1   0x203F0001         MOVE.DW     D0, (A15)    16          ?